eval_loss = 1.1240990901434864
f1_score = 0.4835469345341185
precision = 0.4748299319727891
recall = 0.49258997882851097
